081 0 10650 0 31950 5
129 10650 124 744 2604 5
229 10774 10774 10774 53870 2
396 21548 140 2100 3220 4
057 21688 6 90 144 5
391 21712 10856 21712 130272 3
224 32568 10798 32394 183566 2
403 43366 513 2052 3591 5
199 43880 10970 43880 285220 4
272 54850 10964 43856 186388 1
238 65814 10942 65652 186014 1
107 76756 10850 43400 227850 3
463 87606 10791 86328 237402 1
274 98397 10787 21574 107870 1
124 109184 10762 86096 301336 4
041 119946 9709 58254 174762 3
478 129660 10805 129660 324150 2
282 140465 10726 32178 64356 1
044 151191 10719 21438 64314 5
450 161910 548 3288 9864 2
155 162480 10832 162480 249136 5
452 173312 10660 63960 85280 2
412 183972 10599 127188 275574 5
165 194571 10565 52825 105650 2
314 205136 10542 94878 168672 2
480 215678 2120 31800 67840 5
025 217800 10890 217800 304920 1
068 228690 10625 212500 393125 1
063 239315 10535 63210 115885 5
042 249850 10524 126288 136812 5
090 260374 1507 27126 37675 1
418 261888 10912 261888 294624 3
489 272800 10543 253032 442806 1
131 283343 10508 84064 273208 5
320 293851 10493 41972 167888 3
405 304344 10485 104850 272610 4
402 314829 10480 41920 83840 3
253 325309 3212 32120 73876 3
256 328530 10951 328530 350432 1
202 339481 10805 324150 551055 4
490 350286 10470 219870 282690 4
330 360756 10464 41856 62784 5
045 371220 10460 41840 230120 2
435 381680 8307 49842 182754 3
332 389988 10833 389988 465819 3
447 400821 10440 83520 219240 4
187 411261 10385 207700 415400 3
050 421646 10373 62238 165968 1
293 432019 10370 0 31110 5
182 442389 10363 124356 321253 5
103 452752 10338 124056 268788 1
029 463090 10317 185706 257925 5
070 473407 10303 41212 247272 1
366 483710 10299 185382 381063 4
150 494009 10283 30849 257075 2
416 504292 10258 123096 205160 5
347 514550 10256 92304 102560 4
136 524806 10253 41012 194807 4
260 535059 10140 40560 101400 4
189 545199 10131 243144 466026 1
218 555330 10121 202420 232783 3
296 565451 10114 60684 161824 2
278 575565 10101 121212 131313 5
239 585666 10068 100680 302040 4
168 595734 10063 120756 140882 3
116 605797 10004 20008 50020 3
117 615801 9926 119112 287854 1
308 625727 9917 119004 218174 2
259 635644 9916 59496 247900 5
437 645560 9910 178380 237840 5
100 655470 9896 356256 524488 1
067 665366 9885 118620 247125 5
152 675251 9828 29484 226044 5
482 685079 9767 234408 263709 3
459 694846 9741 19482 68187 5
127 704587 9679 174222 261333 4
123 714266 9672 38688 48360 2
179 723938 9671 87039 280459 5
479 733609 9621 173178 355977 5
055 743230 9611 0 38444 4
488 752841 9581 19162 172458 1
128 762422 9578 28734 191560 5
035 772000 9563 229512 248638 2
130 781563 9540 28620 152640 2
327 791103 9447 113364 170046 1
072 800550 9421 9421 47105 4
329 809971 9412 28236 160004 1
012 819383 9361 84249 215303 3
099 828744 9344 280320 289664 4
476 838088 9340 84060 205480 5
306 847428 9324 139860 214452 5
151 856752 9276 18552 83484 1
328 866028 9269 166842 342953 2
139 875297 9228 46140 193788 5
248 884525 9205 55230 119665 1
456 893730 9202 110424 128828 3
491 902932 9201 55206 184020 5
169 912133 9170 36680 128380 4
023 921303 9166 54996 82494 4
473 930469 9161 27483 164898 4
346 939630 9086 27258 227150 5
262 948716 9026 45130 243702 4
409 957742 9006 108072 198132 5
468 966748 8981 26943 206563 4
392 975729 8936 26808 187656 3
098 984665 8913 89130 276303 4
380 993578 8868 0 88680 2
368 1002446 8852 17704 44260 3
149 1011298 8845 17690 132675 5
483 1020143 8843 53058 168017 4
237 1028986 8811 140976 229086 1
235 1037797 8803 88030 123242 3
257 1046600 8787 0 114231 3
432 1055387 8784 105408 184464 3
005 1064171 8774 87740 122836 5
014 1072945 8723 87230 139568 3
138 1081668 8711 43555 174220 3
051 1090379 8699 17398 78291 4
270 1099078 8656 77904 251024 4
083 1107734 8627 129405 310572 2
462 1116361 8608 34432 197984 5
002 1124969 8600 129000 154800 4
036 1133569 8540 68320 239120 5
273 1142109 8526 170520 323988 5
321 1150635 8520 34080 187440 1
075 1159155 8495 84950 161405 4
142 1167650 8486 33944 169720 2
381 1176136 8462 16924 101544 1
464 1184598 8438 33752 118132 4
469 1193036 8420 50520 67360 1
079 1201456 8402 201648 361286 2
118 1209858 8392 33568 142664 4
008 1218250 8389 167780 176169 2
303 1226639 8370 100440 167400 5
350 1235009 8321 0 41605 4
378 1243330 8296 33184 107848 3
220 1251626 8294 33176 124410 1
065 1259920 8260 16520 99120 3
246 1268180 8234 98808 271722 4
287 1276414 8230 246900 320970 1
062 1284644 8216 49296 90376 2
094 1292860 8184 98208 180048 3
295 1301044 8152 24456 89672 1
362 1309196 8096 48576 153824 3
028 1317292 8085 97020 266805 1
336 1325377 8016 0 8016 5
227 1333393 8007 0 56049 3
300 1341400 7963 63704 151297 4
082 1349363 7932 95184 237960 1
339 1357295 7927 55489 142686 1
157 1365222 7923 47538 118845 4
495 1373145 7917 15834 39585 1
428 1381062 7874 0 39370 4
219 1388936 7866 70794 94392 3
026 1396802 7853 15706 70677 5
399 1404655 7835 7835 101855 3
390 1412490 7831 23493 164451 1
363 1420321 7816 62528 117240 2
281 1428137 7791 186984 335013 5
453 1435928 7773 155460 209871 4
101 1443701 7765 69885 124240 1
093 1451466 7734 61872 208818 4
344 1459200 7636 114540 145084 3
105 1466836 7628 137304 244096 5
311 1474464 7607 30428 182568 4
294 1482071 7577 22731 189425 1
015 1489648 7551 188775 339795 4
338 1497199 7534 150680 286292 1
285 1504733 7528 135504 180672 1
109 1512261 7527 30108 120432 4
342 1519788 7496 262360 382296 3
132 1527284 7432 74320 156072 2
442 1534716 7402 22206 111030 3
370 1542118 7392 44352 155232 2
475 1549510 7348 44088 161656 1
113 1556858 7340 44040 154140 4
104 1564198 7315 146300 190190 3
020 1571513 7313 29252 87756 4
159 1578826 7311 87732 197397 1
443 1586137 7308 58464 153468 5
088 1593445 7271 87252 159962 5
389 1600716 7243 144860 210047 2
286 1607959 7239 14478 43434 1
343 1615198 7225 21675 72250 4
291 1622423 7182 43092 86184 1
033 1629605 7169 57352 78859 5
275 1636774 7167 14334 57336 3
206 1643941 7160 107400 214800 1
172 1651101 7154 128772 250390 1
429 1658255 7145 142900 185770 5
111 1665400 7132 21396 156904 4
085 1672532 7083 14166 49581 3
162 1679615 7078 84936 169872 2
494 1686693 7076 42456 169824 4
373 1693769 7075 127350 198100 1
375 1700844 7041 14082 161943 2
425 1707885 7039 63351 168936 3
233 1714924 7007 56056 147147 4
474 1721931 6961 0 83532 1
031 1728892 6949 173725 229317 3
177 1735841 6932 83184 117844 3
038 1742773 6928 69280 145488 2
215 1749701 6908 138160 290136 1
122 1756609 6876 82512 233784 3
181 1763485 6865 82380 157895 5
337 1770350 6855 123390 267345 3
477 1777205 6827 136540 143367 2
471 1784032 6795 40770 163080 4
470 1790827 6728 201840 262392 1
058 1797555 6724 13448 127756 5
388 1804279 6669 33345 180063 5
049 1810948 6668 200040 266720 3
146 1817616 6593 52744 92302 4
006 1824209 6571 39426 72281 4
133 1830780 6516 32580 162900 2
393 1837296 6494 97410 103904 4
137 1843790 6471 77652 90594 3
254 1850261 6464 155136 226240 3
217 1856725 6459 38754 148557 5
019 1863184 6439 0 64390 5
054 1869623 6404 96060 224140 1
448 1876027 6394 38364 102304 4
236 1882421 6374 19122 82862 3
047 1888795 6370 152880 248430 1
126 1895165 6356 25424 31780 5
022 1901521 6344 76128 164944 1
056 1907865 6342 31710 164892 4
324 1914207 6315 0 88410 2
444 1920522 6285 37710 62850 3
404 1926807 6281 31405 81653 1
377 1933088 6270 31350 169290 5
140 1939358 6197 86758 123940 1
302 1945555 6178 92670 111204 3
411 1951733 6176 12352 30880 2
283 1957909 6176 37056 154400 1
240 1964085 6150 18450 30750 3
454 1970235 6097 6097 48776 4
244 1976332 6087 48696 97392 4
059 1982419 6073 255066 334015 5
087 1988492 5963 71556 95408 2
114 1994455 5955 59550 166740 2
086 2000410 5910 177300 195030 1
200 2006320 5893 11786 123753 3
119 2012213 5855 35130 117100 4
173 2018068 5789 34734 156303 2
154 2023857 5764 69168 126808 4
290 2029621 5737 206532 304061 4
066 2035358 5709 68508 114180 3
401 2041067 5706 68472 102708 4
458 2046773 5681 28405 34086 4
451 2052454 5672 45376 107768 2
192 2058126 5625 16875 39375 3
466 2063751 5608 112160 224320 2
207 2069359 5551 49959 172081 4
018 2074910 5548 16644 133152 5
268 2080458 5541 99738 116361 5
309 2085999 5503 0 38521 1
439 2091502 5494 54940 131856 2
208 2096996 5489 65868 115269 3
166 2102485 5471 32826 76594 5
077 2107956 5451 27255 125373 1
212 2113407 5446 152488 223286 5
225 2118853 5428 86848 113988 4
367 2124281 5402 108040 178266 3
184 2129683 5388 80820 150864 1
011 2135071 5380 21520 75320 4
297 2140451 5376 10752 91392 4
414 2145827 5361 42888 58971 2
369 2151188 5349 64188 139074 5
415 2156537 5346 16038 64152 1
078 2161883 5318 42544 159540 2
313 2167201 5295 31770 47655 1
277 2172496 5286 0 100434 3
040 2177782 5259 126216 184065 4
349 2183041 5204 15612 93672 4
385 2188245 5202 62424 150858 1
188 2193447 5182 93276 124368 1
421 2198629 5135 0 35945 4
486 2203764 5126 123024 194788 1
170 2208890 5092 15276 117116 2
467 2213982 5084 30504 66092 2
125 2219066 5068 15204 91224 1
379 2224134 5063 40504 146827 3
197 2229197 5047 30282 111034 2
027 2234244 5037 60444 120888 4
280 2239281 5036 100720 191368 4
089 2244317 5008 45072 80128 3
264 2249325 4979 149370 234013 3
487 2254304 4916 117984 226136 3
263 2259220 4912 29472 122800 2
252 2264132 4857 72855 155424 2
357 2268989 4847 4847 87246 1
323 2273836 4839 48390 111297 3
354 2278675 4830 72450 120750 2
007 2283505 4780 143400 248560 5
164 2288285 4777 114648 214965 4
496 2293062 4774 9548 14322 1
071 2297836 4761 142830 161874 2
352 2302597 4759 57108 123734 2
221 2307356 4723 28338 51953 1
353 2312079 4707 47070 141210 3
223 2316786 4702 94040 164570 2
288 2321488 4639 0 27834 1
371 2326127 4635 139050 143685 2
222 2330762 4591 91820 179049 5
108 2335353 4590 36720 105570 1
348 2339943 4582 68730 114550 4
064 2344525 4515 0 85785 4
091 2349040 4504 0 81072 4
156 2353544 4503 18012 49533 5
195 2358047 4492 13476 35936 3
481 2362539 4484 80712 89680 1
422 2367023 4435 106440 137485 4
361 2371458 4377 17508 109425 5
096 2375835 4363 52356 126527 2
497 2380198 4337 8674 34696 4
420 2384535 4333 0 30331 3
147 2388868 4332 34656 60648 2
276 2393200 4327 0 38943 1
312 2397527 4273 25638 68368 2
397 2401800 4267 76806 157879 2
355 2406067 4249 21245 106225 4
210 2410316 4220 33760 46420 4
043 2414536 4099 8198 86079 2
284 2418635 4054 8108 36486 4
201 2422689 4050 48600 64800 4
310 2426739 4040 16160 52520 5
465 2430779 4023 24138 56322 4
161 2434802 4021 120630 124651 4
060 2438823 3991 95784 139685 3
143 2442814 3976 23856 103376 5
265 2446790 3963 63408 142668 4
493 2450753 3893 62288 81753 1
431 2454646 3857 0 84854 4
376 2458503 3847 23082 65399 1
183 2462350 3733 14932 33597 2
445 2466083 3716 14864 37160 3
307 2469799 3613 108390 173424 2
134 2473412 3590 21540 96930 5
228 2477002 3573 0 57168 1
232 2480575 3566 28528 71320 2
351 2484141 3564 21384 24948 1
394 2487705 3555 7110 71100 3
032 2491260 3540 70800 92040 1
249 2494800 3533 21198 91858 4
171 2498333 3502 3502 52530 5
440 2501835 3484 6968 45292 1
214 2505319 3476 20856 93852 4
231 2508795 3472 27776 59024 2
176 2512267 3464 41568 48496 3
021 2515731 3380 67600 70980 4
194 2519111 3289 115115 148005 3
460 2522400 3284 26272 59112 4
461 2525684 3280 16400 29520 5
319 2528964 3274 0 22918 4
144 2532238 3267 39204 42471 2
387 2535505 3265 9795 52240 4
080 2538770 3253 39036 71566 4
384 2542023 3246 25968 64920 3
250 2545269 3237 3237 9711 2
061 2548506 3196 89488 137428 5
341 2551702 3157 37884 50512 3
234 2554859 3115 37380 52955 2
305 2557974 3088 37056 52496 2
334 2561062 3058 36696 85624 2
325 2564120 3054 6108 18324 2
148 2567174 3044 0 12176 4
345 2570218 3036 36432 72864 4
191 2573254 3034 3034 39442 2
185 2576288 3020 36240 51340 3
204 2579308 2986 23888 26874 1
271 2582294 2976 17856 44640 5
317 2585270 2961 23688 44415 1
141 2588231 2950 23600 32450 2
255 2591181 2899 57980 115960 2
424 2594080 2891 0 54929 2
441 2596971 2881 28810 34572 1
261 2599852 2854 34248 77058 5
359 2602706 2846 68304 128070 5
315 2605552 2810 22480 59010 5
186 2608362 2763 16578 58023 4
174 2611125 2760 16560 22080 5
241 2613885 2731 0 51889 1
298 2616616 2714 0 40710 3
410 2619330 2697 24273 26970 3
356 2622027 2680 48240 50920 2
073 2624707 2641 15846 73948 3
423 2627348 2613 31356 75777 5
427 2629961 2580 38700 85140 2
213 2632541 2561 10244 43537 3
076 2635102 2515 5030 17605 2
198 2637617 2506 10024 57638 2
472 2640123 2482 4964 19856 5
004 2642605 2459 29508 73770 2
102 2645064 2416 48320 101472 3
095 2647480 2400 38400 50400 5
046 2649880 2397 4794 47940 4
499 2652277 2396 14376 23960 3
120 2654673 2352 9408 30576 5
153 2657025 2344 23440 28128 1
034 2659369 2317 6951 50974 2
498 2661686 2308 4616 36928 3
340 2663994 2238 26856 53712 2
230 2666232 2231 8924 29003 2
180 2668463 2228 26736 62384 1
226 2670691 2188 54700 98460 3
092 2672879 2186 4372 52464 1
449 2675065 2175 19575 39150 1
205 2677240 2154 0 28002 2
492 2679394 2123 50952 89166 1
331 2681517 2102 25224 31530 3
292 2683619 2088 8352 45936 5
430 2685707 2035 24420 32560 4
009 2687742 1979 23748 37601 2
279 2689721 1967 11802 21637 2
258 2691688 1963 7852 11778 1
053 2693651 1923 11538 38460 2
121 2695574 1895 18950 45480 5
433 2697469 1798 10788 28768 3
024 2699267 1789 37569 55459 3
209 2701056 1777 5331 39094 4
037 2702833 1766 15894 28256 1
069 2704599 1715 10290 12005 4
406 2706314 1704 13632 18744 3
001 2708018 1696 20352 49184 1
190 2709714 1645 6580 29610 3
267 2711359 1628 19536 47212 2
335 2712987 1627 4881 21151 5
365 2714614 1594 76512 102016 3
030 2716208 1543 6172 24688 1
333 2717751 1539 15390 21546 4
242 2719290 1533 3066 18396 5
386 2720823 1533 6132 38325 4
112 2722356 1522 6088 30440 5
084 2723878 1495 8970 19435 1
318 2725373 1486 7430 38636 5
436 2726859 1485 17820 43065 4
500 2728344 1481 29620 34063 3
457 2729825 1478 11824 44340 1
052 2731303 1464 1464 4392 3
016 2732767 1455 46560 50925 5
135 2734222 1399 41970 50364 4
407 2735621 1376 22016 39904 5
178 2736997 1349 20235 48564 1
299 2738346 1332 11988 14652 4
216 2739678 1314 7884 24966 2
316 2740992 1314 26280 39420 5
010 2742306 1273 25460 52193 5
289 2743579 1258 5032 27676 2
326 2744837 1200 50400 70800 3
438 2746037 1189 14268 27347 4
358 2747226 1182 28368 37824 2
269 2748408 1144 3432 8008 3
245 2749552 1119 22380 42522 3
017 2750671 1102 11020 31958 1
167 2751773 1083 9747 25992 5
158 2752856 1067 25608 40546 1
251 2753923 993 9930 15888 4
110 2754916 990 4950 14850 2
211 2755906 974 11688 16558 1
419 2756880 964 0 14460 1
382 2757844 927 0 4635 4
426 2758771 906 5436 13590 3
304 2759677 896 7168 25088 2
398 2760573 867 1734 11271 3
196 2761440 854 10248 16226 5
243 2762294 812 1624 2436 3
400 2763106 810 4050 17820 4
364 2763916 794 9528 15086 5
374 2764710 756 7560 17388 4
434 2765466 749 5992 15729 5
003 2766215 732 4392 16836 4
413 2766947 729 10206 19683 4
160 2767676 724 2896 13756 1
097 2768400 708 2124 9912 1
446 2769108 658 1316 10528 1
408 2769766 612 1224 14076 1
163 2770378 609 1827 6090 2
175 2770987 603 10854 13869 4
484 2771590 591 5319 12411 5
383 2772181 590 3540 16520 2
039 2772771 587 17610 30524 4
266 2773358 547 6564 12581 1
360 2773905 521 12504 20319 3
322 2774426 508 2540 5080 4
106 2774934 507 4563 12168 4
455 2775441 506 4048 14674 5
301 2775947 473 3784 4257 1
074 2776420 469 2814 5628 1
145 2776889 353 2824 3883 1
485 2777242 344 5504 12384 5
395 2777586 324 7776 8100 4
048 2777910 320 3840 9280 2
193 2778230 286 6864 7150 5
417 2778516 248 1488 1984 4
203 2778764 198 4950 8514 4
247 2778962 108 2160 4104 3
372 2779070 84 336 1344 4
115 2779154 64 192 512 2
013 2779218 43 516 645 2
