185 64 32 64 448 1
182 180 60 180 1080 5
052 240 79 237 632 1
083 392 98 392 2450 2
364 575 115 575 2415 5
247 690 127 381 2667 1
347 817 132 528 1980 3
323 949 259 777 4921 1
491 1208 273 0 4914 4
172 1605 107 1605 2996 1
082 1712 161 1610 4186 4
465 1873 322 644 7406 5
414 2195 358 716 4654 5
039 2652 221 2652 4199 5
250 3000 200 3000 6400 1
281 3420 114 3420 5130 2
240 3534 340 3400 9180 2
215 3874 376 2256 9400 3
390 4374 243 4374 8262 4
307 4764 397 4764 10719 3
024 5460 182 5460 8008 1
227 5796 161 5796 8855 5
360 5957 423 2115 4230 2
119 6380 427 4270 13664 5
193 6807 463 5556 12038 2
166 7270 476 1904 10948 3
328 7746 511 5110 10220 2
143 8257 539 3234 10780 3
499 8796 553 1106 5530 1
324 9349 563 2252 2815 2
308 9912 614 9210 15964 4
093 10872 453 10872 18120 5
160 11325 455 10920 18200 2
134 11780 645 0 9675 1
372 12960 432 12960 22464 2
080 13392 534 12816 24564 4
263 13926 728 728 10192 4
081 14654 732 2196 2928 5
029 15386 740 740 8140 3
248 16126 758 11370 12128 2
489 16884 828 2484 3312 2
283 17712 861 3444 11193 4
386 18573 879 8790 9669 5
384 19680 656 19680 20992 5
219 20336 953 1906 17154 4
064 21289 961 3844 24986 2
377 23232 968 23232 43560 2
359 24200 998 5988 19960 1
144 25198 1067 19206 23474 4
420 26832 559 26832 36335 4
061 27391 1087 26088 28262 1
320 28478 1117 8936 24574 2
497 29595 1125 10125 13500 1
381 30720 1157 0 19669 3
330 31877 1172 3516 29300 2
463 33049 1263 0 21471 3
492 34312 1298 0 1298 5
233 35610 1305 0 15660 4
450 36915 1305 7830 10440 3
442 38220 1307 2614 10456 1
241 39527 1309 15708 30107 3
151 40836 1316 2632 15792 1
209 42152 1337 5348 30751 2
146 43489 1342 13420 37576 2
073 44831 1346 26920 28266 3
253 46177 1361 10888 34025 2
070 47538 1363 21808 42253 5
008 48901 1411 5644 12699 3
318 50312 1421 0 9947 5
480 51733 1422 4266 7110 4
041 53155 1434 28680 48756 3
141 54589 1463 7315 14630 5
186 56052 1476 2952 7380 3
434 57528 1489 0 25313 2
161 59017 1491 8946 11928 5
016 60508 1506 3012 24096 5
127 62014 1521 45630 54756 1
300 63535 1531 12248 44399 2
309 65066 1584 38016 72864 5
214 66650 1663 16630 18293 4
293 68313 1802 36040 43248 4
204 70115 1825 7300 10950 2
366 71940 1864 14912 39144 1
078 73804 1872 28080 54288 5
410 75676 1874 16866 39354 5
445 77550 1882 37640 56460 3
199 79432 1891 15128 26474 3
370 81323 1899 11394 13293 2
195 83222 1906 7624 41932 1
190 85128 1909 30544 47725 1
170 87037 1915 0 30640 5
056 88952 1934 7736 19340 1
319 90886 1948 58440 97400 2
408 92834 1953 7812 9765 2
245 94787 1958 11748 52866 1
128 96745 1978 5934 35604 3
303 98723 2025 12150 50625 4
349 100748 2029 20290 42609 3
203 102777 2034 32544 42714 4
125 104811 2082 20820 56214 1
339 106893 2085 25020 50040 5
122 108978 2105 12630 39995 2
454 111083 2128 17024 46816 4
077 113211 2146 38628 62234 1
098 115357 2171 0 45591 3
051 117528 2172 76020 78192 4
099 119700 2179 8716 41401 1
055 121879 2184 17472 52416 3
276 124063 2219 17752 59913 4
104 126282 2221 4442 35536 3
153 128503 2255 0 47355 2
385 130758 2292 34380 64176 4
488 133050 2307 4614 20763 3
452 135357 2321 55704 95161 3
006 137678 2337 18696 42066 4
302 140015 2338 28056 67802 5
261 142353 2420 29040 55660 3
266 144773 2429 9716 34006 1
118 147202 2436 36540 77952 5
391 149638 2436 38976 63336 4
003 152074 2464 59136 73920 1
065 154538 2497 4994 34958 1
001 157035 2498 14988 39968 3
177 159533 2524 20192 63100 2
290 162057 2535 63375 111540 5
438 164592 2585 20680 25850 1
437 167177 2610 26100 60030 1
196 169787 2628 2628 44676 4
014 172415 2633 21064 65825 1
400 175048 2691 32292 48438 2
357 177739 2722 16332 65328 2
184 180461 2785 58485 97475 4
361 183246 2807 8421 25263 3
262 186053 2852 34224 59892 2
068 188905 2856 22848 31416 1
305 191761 2921 17526 81788 1
311 194682 2985 11940 29850 1
226 197667 2998 71952 92938 5
063 200665 3029 36348 72696 4
251 203694 3032 15160 69736 1
180 206726 3039 9117 33429 4
482 209765 3081 12324 43134 3
440 212846 3095 24760 80470 3
138 215941 3126 112536 181308 1
472 219067 3127 62540 81302 4
114 222194 3133 12532 40729 5
495 225327 3151 63020 113436 1
115 228478 3174 12696 38088 1
322 231652 3189 31890 86103 3
275 234841 3205 32050 96150 4
194 238046 3218 32180 54706 2
314 241264 3231 6462 74313 3
487 244495 3264 0 13056 1
164 247759 3300 66000 118800 2
188 251059 3326 106432 109758 2
431 254385 3370 20220 37070 1
235 257755 3382 33820 64258 5
239 261137 3399 67980 135960 4
050 264536 3432 20592 72072 3
105 267968 3516 0 10548 3
133 271484 3518 52770 123130 5
469 275002 3522 70440 126792 1
351 278524 3555 42660 106650 1
459 282079 3635 29080 61795 5
202 285714 3643 29144 54645 3
028 289357 3661 18305 51254 2
447 293018 3702 11106 88848 3
401 296720 3731 104468 179088 3
033 300451 3748 89952 149920 4
207 304199 3759 56385 60144 4
394 307958 3777 30216 67986 5
327 311735 3782 37820 113460 5
439 315517 3806 22836 38060 3
155 319323 3830 34470 57450 3
343 323153 3871 30968 92904 3
027 327024 3875 15500 77500 1
424 330899 3886 62176 81606 4
095 334785 3890 46680 58350 4
355 338675 3900 0 70200 5
087 342575 3908 58620 62528 3
433 346483 3920 19600 101920 1
046 350403 3924 7848 19620 5
475 354327 3925 117750 192325 3
249 358252 3946 39460 86812 4
406 362198 3997 3997 67949 5
389 366195 4015 12045 68255 1
395 370210 4028 20140 68476 1
159 374238 4030 16120 100750 5
237 378268 4031 100775 177364 4
132 382299 4076 61140 138584 2
371 386375 4077 8154 89694 5
035 390452 4082 65312 151034 1
444 394534 4176 75168 121104 1
329 398710 4200 21000 63000 2
230 402910 4266 42660 115182 1
124 407176 4275 106875 145350 4
126 411451 4281 34248 111306 3
171 415732 4304 64560 137728 3
086 420036 4322 86440 121016 5
286 424358 4353 0 74001 3
057 428711 4362 26172 61068 4
110 433073 4448 44480 84512 3
298 437521 4468 35744 98296 2
494 441989 4471 17884 111775 3
260 446460 4477 40293 44770 3
020 450937 4477 62678 98494 3
043 455414 4513 90260 126364 3
085 459927 4542 18168 86298 3
457 464469 4544 81792 113600 3
402 469013 4549 68235 154666 1
423 473562 4554 54648 127512 2
470 478116 4660 55920 125820 2
009 482776 4700 75200 159800 4
066 487476 4702 9404 103444 3
102 492178 4702 18808 37616 3
075 496880 4714 117850 202702 1
289 501594 4787 19148 62231 1
034 506381 4824 96480 101304 1
278 511205 4849 19396 29094 2
405 516054 4850 38800 111550 3
091 520904 4855 24275 33985 5
090 525759 4888 48880 73320 5
273 530647 4959 99180 183483 3
238 535606 4960 59520 74400 5
362 540566 4975 89550 99500 5
108 545541 4987 44883 154597 4
011 550528 4993 59916 84881 4
413 555521 5019 20076 75285 1
388 560540 5024 30144 100480 3
334 565564 5148 10296 102960 1
279 570712 5152 25760 133952 3
005 575864 5223 20892 47007 3
252 581087 5286 26430 84576 4
049 586373 5292 127008 190512 4
221 591665 5305 53050 127320 5
382 596970 5347 53470 64164 3
032 602317 5390 32340 113190 5
174 607707 5435 48915 86960 4
473 613142 5456 21824 54560 5
088 618598 5485 0 82275 2
047 624083 5494 49446 164820 3
211 629577 5511 27555 110220 3
490 635088 5558 111160 127834 4
031 640646 5646 33876 84690 2
477 646292 5661 135864 141525 5
229 651953 5668 141700 255060 5
084 657621 5682 11364 17046 4
446 663303 5761 115220 172830 3
120 669064 5784 173520 214008 3
264 674848 5798 69576 144950 1
096 680646 5801 5801 127622 2
002 686447 5842 35052 110998 4
342 692289 5851 23404 99467 4
026 698140 5893 70716 82502 3
425 704033 5904 70848 177120 1
109 709937 5919 11838 23676 3
140 715856 5920 88800 165760 4
397 721776 6010 18030 126210 5
210 727786 6040 36240 90600 2
173 733826 6065 212275 315380 1
017 739891 6077 109386 188387 3
232 745968 6102 18306 30510 1
378 752070 6114 24456 79482 1
040 758184 6125 0 85750 2
483 764309 6156 73872 123120 5
345 770465 6209 12418 37254 2
256 776674 6244 62440 181076 3
176 782918 6285 0 31425 4
456 789203 6307 6307 75684 1
074 795510 6369 95535 140118 2
225 801879 6385 76620 134085 2
373 808264 6417 128340 224595 4
201 814681 6434 57906 70774 5
004 821115 6442 19326 57978 1
427 827557 6469 155256 161725 5
179 834026 6474 32370 77688 2
485 840500 6540 32700 156960 3
089 847040 6547 104752 157128 4
301 853587 6558 118044 190182 2
010 860145 6567 13134 157608 3
335 866712 6584 98760 190936 3
461 873296 6613 119034 264520 4
455 879909 6637 13274 46459 1
242 886546 6644 79728 152812 1
356 893190 6654 0 33270 3
072 899844 6678 40068 100170 5
053 906522 6679 160296 233765 5
316 913201 6688 53504 100320 2
346 919889 6703 60327 73733 4
284 926592 6710 60390 134200 2
358 933302 6739 40434 148258 1
486 940041 6781 101715 115277 1
344 946822 6813 81756 102195 4
136 953635 6837 109392 170925 1
149 960472 6878 137560 206340 2
383 967350 6880 13760 20640 5
411 974230 6890 20670 144690 5
374 981120 6910 55280 186570 4
013 988030 6926 166224 193928 5
462 994956 6935 166440 305140 2
037 1001891 6936 138720 208080 3
058 1008827 6936 221952 312120 4
255 1015763 6962 83544 125316 2
496 1022725 7016 42096 189432 3
152 1029741 7034 126612 232122 3
460 1036775 7049 28196 56392 2
430 1043824 7058 14116 84696 4
296 1050882 7062 42372 169488 4
059 1057944 7161 179025 250635 3
191 1065105 7165 0 100310 4
231 1072270 7182 114912 258552 2
092 1079452 7212 252420 382236 2
387 1086664 7217 36085 86604 5
352 1093881 7221 7221 151641 5
156 1101102 7265 87180 159830 2
464 1108367 7339 110085 264204 5
315 1115706 7349 14698 80839 5
432 1123055 7361 14722 161942 1
451 1130416 7367 36835 169441 5
189 1137783 7379 14758 140201 2
441 1145162 7390 29560 140410 5
168 1152552 7396 0 103544 3
353 1159948 7421 22263 59368 3
116 1167369 7423 148460 274651 2
269 1174792 7477 29908 82247 2
466 1182269 7484 67356 209552 3
312 1189753 7497 0 164934 2
416 1197250 7499 44994 194974 2
069 1204749 7602 121632 212856 3
498 1212351 7629 61032 198354 3
175 1219980 7647 114705 175881 1
113 1227627 7668 322056 429408 1
107 1235295 7670 61360 230100 5
257 1242965 7693 7693 107702 1
295 1250658 7703 92436 246496 5
310 1258361 7707 138726 292866 1
030 1266068 7719 185256 324198 5
129 1273787 7721 61768 193025 5
396 1281508 7736 23208 54152 1
165 1289244 7749 0 131733 3
187 1296993 7749 232470 402948 3
398 1304742 7756 23268 116340 3
449 1312498 7764 31056 100932 1
062 1320262 7799 77990 210573 5
183 1328061 7858 117870 243598 5
453 1335919 7859 94308 196475 5
294 1343778 7877 94524 118155 1
421 1351655 7894 23682 173668 4
403 1359549 7921 31684 118815 5
060 1367470 7922 158440 324802 2
100 1375392 7930 79300 214110 1
145 1383322 7946 79460 111244 2
139 1391268 7964 95568 222992 4
148 1399232 7988 239640 287568 4
474 1407220 8019 48114 64152 4
484 1415239 8031 16062 160620 1
154 1423270 8038 16076 32152 1
467 1431308 8071 282485 371266 4
419 1439379 8072 80720 137224 5
236 1447451 8077 24231 56539 1
325 1455528 8101 129616 218727 4
244 1463629 8122 129952 276148 3
267 1471751 8130 48780 121950 4
429 1479881 8132 121980 162640 2
299 1488013 8155 24465 146790 4
458 1496168 8175 98100 138975 3
019 1504343 8177 24531 204425 1
426 1512520 8181 16362 57267 1
478 1520701 8186 49116 73674 3
375 1528887 8212 65696 131392 4
243 1537099 8233 131728 205825 5
292 1545332 8244 32976 206100 3
393 1553576 8246 98952 164920 2
369 1561822 8251 99012 148518 3
169 1570073 8272 66176 223344 4
409 1578345 8299 99588 232372 3
348 1586644 8312 49872 74808 2
313 1594956 8318 199632 241222 2
212 1603274 8355 50130 150390 3
500 1611629 8363 50178 217438 5
304 1619992 8363 125445 217438 5
380 1628355 8374 251220 343334 3
048 1636729 8396 125940 142732 4
071 1645125 8417 50502 117838 2
208 1653542 8421 101052 168420 2
270 1661963 8428 42140 75852 1
181 1670391 8432 101184 177072 3
287 1678823 8437 126555 303732 2
404 1687260 8480 169600 330720 3
158 1695740 8490 42450 84900 4
407 1704230 8523 17046 187506 2
282 1712753 8542 68336 239176 4
217 1721295 8582 300370 411936 5
471 1729877 8596 34384 163324 1
042 1738473 8608 172160 318496 2
147 1747081 8609 129135 301315 3
142 1755690 8614 43070 232578 1
271 1764304 8643 25929 138288 1
288 1772947 8652 302820 337428 5
094 1781599 8660 103920 251140 4
216 1790259 8670 303450 312120 3
333 1798929 8691 86910 208584 1
280 1807620 8730 52380 78570 4
365 1816350 8737 0 122318 2
097 1825087 8756 52536 113828 2
038 1833843 8824 17648 44120 2
103 1842667 8829 52974 141264 5
317 1851496 8864 159552 301376 2
076 1860360 8893 106716 293469 1
277 1869253 8922 89220 142752 2
468 1878175 8926 142816 160668 1
326 1887101 8935 134025 214440 2
259 1896036 8950 17900 71600 2
285 1904986 8972 376824 529348 1
428 1913958 8997 62979 260913 4
121 1922955 9014 27042 45070 4
205 1931969 9042 36168 54252 2
079 1941011 9073 0 145168 2
137 1950084 9082 54492 99902 2
265 1959166 9166 91660 238316 3
222 1968332 9195 183900 211485 5
479 1977527 9214 55284 128996 5
101 1986741 9230 36920 92300 1
224 1995971 9243 55458 101673 3
150 2005214 9257 27771 222168 5
054 2014471 9257 74056 83313 3
044 2023728 9270 37080 83430 5
321 2032998 9278 194838 204116 4
218 2042276 9280 37120 55680 2
213 2051556 9291 167238 371640 2
157 2060847 9444 283320 481644 3
337 2070291 9462 28386 66234 1
200 2079753 9509 47545 228216 1
021 2089262 9525 114300 180975 3
376 2098787 9557 172026 210254 4
350 2108344 9561 172098 372879 4
379 2117905 9574 57444 95740 3
018 2127479 9583 143745 335405 5
274 2137062 9598 460704 662262 1
036 2146660 9629 192580 337015 4
045 2156289 9649 77192 154384 4
340 2165938 9707 58242 213554 4
023 2175645 9754 292620 487700 3
022 2185399 9773 146595 195460 4
435 2195172 9802 9802 215644 4
272 2204974 9823 157168 275044 1
123 2214797 9876 98760 217272 4
167 2224673 9927 238248 357372 3
493 2234600 9960 89640 139440 5
067 2244560 9981 59886 269487 5
443 2254541 9987 149805 209727 3
131 2264528 10019 40076 200380 5
332 2274547 10043 241032 311333 5
162 2284590 10046 30138 190874 2
258 2294636 10046 150690 371702 4
268 2304682 10079 302370 332607 1
476 2314761 10080 120960 171360 5
331 2324841 10081 10081 120972 3
367 2334922 10083 362988 443652 3
246 2345005 10123 40492 192337 2
007 2355128 10144 60864 223168 3
135 2365272 10147 10147 192793 2
206 2375419 10183 81464 101830 5
422 2385602 10200 244800 428400 3
418 2395802 10205 204100 306150 2
341 2406007 10272 61632 215712 4
306 2416279 10285 205700 267410 2
228 2426564 10360 103600 113960 3
111 2436924 10369 217749 425129 4
198 2447293 10418 93762 312540 3
363 2457711 10453 167248 376308 1
481 2468164 10519 42076 199861 4
338 2478683 10525 189450 378900 3
192 2489208 10527 42108 200013 5
234 2499735 10553 42212 179401 3
130 2510288 10565 63390 221865 3
436 2520853 10569 190242 200811 3
412 2531422 10606 265150 487876 1
368 2542028 10640 159600 372400 1
415 2552668 10692 192456 245916 3
117 2563360 10702 85616 256848 4
291 2574062 10704 171264 192672 2
178 2584766 10724 160860 182308 5
220 2595490 10725 21450 85800 3
163 2606215 10734 450828 515232 2
297 2616949 10739 257736 451038 4
112 2627688 10767 269175 312243 2
354 2638455 10771 107710 301588 1
254 2649226 10780 32340 204820 2
015 2660006 10786 97074 258864 2
336 2670792 10805 32415 86440 3
399 2681597 10828 97452 140764 1
012 2692425 10841 97569 260184 2
197 2703266 10872 130464 239184 4
448 2714138 10873 456666 695872 3
025 2725011 10908 32724 54540 4
106 2735919 10925 32775 152950 5
417 2746844 10942 196956 284492 1
392 2757786 10957 43828 153398 1
223 2768743 10985 197730 428415 4
